nmean_start =10;
nmean_end =11;
pitch = 0.018094425500607;
xLE = 0.492380380600000;
xTE = 0.512851893900000;
vref =  204.001175;
pexit = 34477.200000;
ptot =  44385.200000;
Ttot =  776.863000;
ublade = -131.7;
mu_ref = 1.71600e-05;
Nb =  9;
nk = 1;
cp = 1123.0;
gam = 1.3435;
cv = cp/gam;
rgas = cp-cv;
